Cluster ClusterRank deltaG deltaGelec deltaGvdw deltaGligsolvnonpol deltaGligsolvpol deltaGprotsolvnonpol deltaGprotsolvpol deltaGcompsolvnonpol deltaGcompsolvpol extraFull surfFull solvFull IntraFull InterFull FullFitness SimpleFitness Energy
0 0 -8.272612 0.0 -83.102 14.0003 -158.957 387.643 -2573.84 387.644 -2652.68 0.0 387.644 -2652.68 -28.0104 -83.102 -2376.1482 -24.6335 -24.6335
0 1 -8.272612 0.0 -83.102 14.0003 -158.957 387.643 -2573.84 387.644 -2652.68 0.0 387.644 -2652.68 -28.0104 -83.102 -2376.1482 -24.6335 -24.6335
0 2 -8.272612 0.0 -83.102 14.0003 -158.957 387.643 -2573.84 387.644 -2652.68 0.0 387.644 -2652.68 -28.0104 -83.102 -2376.1482 -24.6335 -24.6335
0 3 -8.208555 0.0 -82.322 13.9828 -158.784 387.643 -2573.84 387.558 -2652.56 0.0 387.558 -2652.56 -27.5056 -82.322 -2374.8296 -24.7032 -24.7032
0 4 -8.097001 0.0 -80.3402 13.9713 -159.666 387.643 -2573.84 387.616 -2654.79 0.0 387.616 -2654.79 -27.2422 -80.3402 -2374.7566 -24.5652 -24.5652
0 5 -8.097001 0.0 -80.3402 13.9713 -159.666 387.643 -2573.84 387.616 -2654.79 0.0 387.616 -2654.79 -27.2422 -80.3402 -2374.7566 -24.5652 -24.5652
0 6 -8.097001 0.0 -80.3402 13.9713 -159.666 387.643 -2573.84 387.616 -2654.79 0.0 387.616 -2654.79 -27.2422 -80.3402 -2374.7566 -24.5652 -24.5652
0 7 -8.097001 0.0 -80.3402 13.9713 -159.666 387.643 -2573.84 387.616 -2654.79 0.0 387.616 -2654.79 -27.2422 -80.3402 -2374.7566 -24.5652 -24.5652
1 0 -6.816402 0.0 -36.6939 13.6097 -154.001 387.643 -2573.84 390.873 -2701.26 0.0 390.873 -2701.26 -24.3028 -36.6939 -2371.3835 3.51018 3.51018
1 1 -6.816402 0.0 -36.6939 13.6097 -154.001 387.643 -2573.84 390.873 -2701.26 0.0 390.873 -2701.26 -24.3028 -36.6939 -2371.3835 3.51018 3.51018
1 2 -6.816402 0.0 -36.6939 13.6097 -154.001 387.643 -2573.84 390.873 -2701.26 0.0 390.873 -2701.26 -24.3028 -36.6939 -2371.3835 3.51018 3.51018
1 3 -6.81315 0.0 -36.4653 13.6221 -155.072 387.643 -2573.84 390.891 -2702.64 0.0 390.891 -2702.64 -22.7207 -36.4653 -2370.935 3.90265 3.90265
1 4 -6.81315 0.0 -36.4653 13.6221 -155.072 387.643 -2573.84 390.891 -2702.64 0.0 390.891 -2702.64 -22.7207 -36.4653 -2370.935 3.90265 3.90265
1 5 -6.81315 0.0 -36.4653 13.6221 -155.072 387.643 -2573.84 390.891 -2702.64 0.0 390.891 -2702.64 -22.7207 -36.4653 -2370.935 3.90265 3.90265
1 6 -6.6098113 0.0 -35.0337 13.6208 -153.801 387.643 -2573.84 390.942 -2700.34 0.0 390.942 -2700.34 -25.3034 -35.0337 -2369.7354 4.49856 4.49856
1 7 -6.6098113 0.0 -35.0337 13.6208 -153.801 387.643 -2573.84 390.942 -2700.34 0.0 390.942 -2700.34 -25.3034 -35.0337 -2369.7354 4.49856 4.49856
2 0 -8.508436 0.0 -76.4245 13.7764 -158.251 387.643 -2573.84 389.672 -2669.63 0.0 389.672 -2669.63 -14.0228 -76.4245 -2370.4053 -3.68263 -3.68263
2 1 -8.508436 0.0 -76.4245 13.7764 -158.251 387.643 -2573.84 389.672 -2669.63 0.0 389.672 -2669.63 -14.0228 -76.4245 -2370.4053 -3.68263 -3.68263
2 2 -8.508436 0.0 -76.4245 13.7764 -158.251 387.643 -2573.84 389.672 -2669.63 0.0 389.672 -2669.63 -14.0228 -76.4245 -2370.4053 -3.68263 -3.68263
2 3 -8.551545 0.0 -77.5947 13.6995 -159.167 387.643 -2573.84 389.536 -2669.35 0.0 389.536 -2669.35 -12.9465 -77.5947 -2370.3555 -3.36228 -3.36228
2 4 -8.551545 0.0 -77.5947 13.6995 -159.167 387.643 -2573.84 389.536 -2669.35 0.0 389.536 -2669.35 -12.9465 -77.5947 -2370.3555 -3.36228 -3.36228
2 5 -8.551545 0.0 -77.5947 13.6995 -159.167 387.643 -2573.84 389.536 -2669.35 0.0 389.536 -2669.35 -12.9465 -77.5947 -2370.3555 -3.36228 -3.36228
2 6 -8.107747 0.0 -72.0123 13.8035 -158.944 387.643 -2573.84 389.663 -2670.54 0.0 389.663 -2670.54 -12.5863 -72.0123 -2365.4756 1.68789 1.68789
2 7 -8.107747 0.0 -72.0123 13.8035 -158.944 387.643 -2573.84 389.663 -2670.54 0.0 389.663 -2670.54 -12.5863 -72.0123 -2365.4756 1.68789 1.68789
3 0 -7.021118 0.0 -42.8632 13.3344 -154.319 387.643 -2573.84 392.534 -2698.38 0.0 392.534 -2698.38 -16.9738 -42.8632 -2365.6829 8.50636 8.50636
3 1 -6.9859314 0.0 -42.92 13.379 -152.123 387.643 -2573.84 392.455 -2695.33 0.0 392.455 -2695.33 -17.8275 -42.92 -2363.6226 8.36809 8.36809
3 2 -6.9859314 0.0 -42.92 13.379 -152.123 387.643 -2573.84 392.455 -2695.33 0.0 392.455 -2695.33 -17.8275 -42.92 -2363.6226 8.36809 8.36809
3 3 -6.8165317 0.0 -41.8545 13.3678 -155.967 387.643 -2573.84 392.707 -2698.46 0.0 392.707 -2698.46 -13.9593 -41.8545 -2361.5667 11.2816 11.2816
3 4 -6.8165317 0.0 -41.8545 13.3678 -155.967 387.643 -2573.84 392.707 -2698.46 0.0 392.707 -2698.46 -13.9593 -41.8545 -2361.5667 11.2816 11.2816
3 5 -6.8165317 0.0 -41.8545 13.3678 -155.967 387.643 -2573.84 392.707 -2698.46 0.0 392.707 -2698.46 -13.9593 -41.8545 -2361.5667 11.2816 11.2816
3 6 -6.8165317 0.0 -41.8545 13.3678 -155.967 387.643 -2573.84 392.707 -2698.46 0.0 392.707 -2698.46 -13.9593 -41.8545 -2361.5667 11.2816 11.2816
3 7 -6.8165317 0.0 -41.8545 13.3678 -155.967 387.643 -2573.84 392.707 -2698.46 0.0 392.707 -2698.46 -13.9593 -41.8545 -2361.5667 11.2816 11.2816
4 0 -9.139161 0.0 -100.605 13.5458 -162.127 387.643 -2573.84 392.026 -2650.43 0.0 392.026 -2650.43 -4.41964 -100.605 -2363.4287 6.603 6.603
4 1 -9.139161 0.0 -100.605 13.5458 -162.127 387.643 -2573.84 392.026 -2650.43 0.0 392.026 -2650.43 -4.41964 -100.605 -2363.4287 6.603 6.603
4 2 -9.011035 0.0 -98.5306 13.5119 -161.625 387.643 -2573.84 392.011 -2651.07 0.0 392.011 -2651.07 -4.77919 -98.5306 -2362.369 8.97381 8.97381
4 3 -9.011035 0.0 -98.5306 13.5119 -161.625 387.643 -2573.84 392.011 -2651.07 0.0 392.011 -2651.07 -4.77919 -98.5306 -2362.369 8.97381 8.97381
4 4 -9.011035 0.0 -98.5306 13.5119 -161.625 387.643 -2573.84 392.011 -2651.07 0.0 392.011 -2651.07 -4.77919 -98.5306 -2362.369 8.97381 8.97381
4 5 -9.286839 0.0 -102.673 13.5475 -161.797 387.643 -2573.84 391.92 -2649.15 0.0 391.92 -2649.15 -2.23174 -102.673 -2362.1348 7.82677 7.82677
4 6 -9.286839 0.0 -102.673 13.5475 -161.797 387.643 -2573.84 391.92 -2649.15 0.0 391.92 -2649.15 -2.23174 -102.673 -2362.1348 7.82677 7.82677
4 7 -9.286839 0.0 -102.673 13.5475 -161.797 387.643 -2573.84 391.92 -2649.15 0.0 391.92 -2649.15 -2.23174 -102.673 -2362.1348 7.82677 7.82677
5 0 -8.838385 0.0 -92.1645 14.1568 -159.682 387.643 -2573.84 386.894 -2647.24 0.0 386.894 -2647.24 -10.5251 -92.1645 -2363.0356 -12.7566 -12.7566
5 1 -8.838385 0.0 -92.1645 14.1568 -159.682 387.643 -2573.84 386.894 -2647.24 0.0 386.894 -2647.24 -10.5251 -92.1645 -2363.0356 -12.7566 -12.7566
5 2 -8.838385 0.0 -92.1645 14.1568 -159.682 387.643 -2573.84 386.894 -2647.24 0.0 386.894 -2647.24 -10.5251 -92.1645 -2363.0356 -12.7566 -12.7566
5 3 -8.838385 0.0 -92.1645 14.1568 -159.682 387.643 -2573.84 386.894 -2647.24 0.0 386.894 -2647.24 -10.5251 -92.1645 -2363.0356 -12.7566 -12.7566
5 4 -8.568195 0.0 -90.0142 14.1099 -160.323 387.643 -2573.84 386.983 -2647.0 0.0 386.983 -2647.0 -9.45195 -90.0142 -2359.4832 -11.2127 -11.2127
5 5 -8.568195 0.0 -90.0142 14.1099 -160.323 387.643 -2573.84 386.983 -2647.0 0.0 386.983 -2647.0 -9.45195 -90.0142 -2359.4832 -11.2127 -11.2127
5 6 -8.568195 0.0 -90.0142 14.1099 -160.323 387.643 -2573.84 386.983 -2647.0 0.0 386.983 -2647.0 -9.45195 -90.0142 -2359.4832 -11.2127 -11.2127
5 7 -8.273512 0.0 -87.2441 14.1115 -160.091 387.643 -2573.84 386.891 -2646.09 0.0 386.891 -2646.09 -10.06 -87.2441 -2356.5034 -10.7245 -10.7245
6 0 -7.419557 0.0 -60.2933 13.7498 -161.82 387.643 -2573.84 389.405 -2679.97 0.0 389.405 -2679.97 -11.9824 -60.2933 -2362.8406 8.23622 8.23622
6 1 -7.419557 0.0 -60.2933 13.7498 -161.82 387.643 -2573.84 389.405 -2679.97 0.0 389.405 -2679.97 -11.9824 -60.2933 -2362.8406 8.23622 8.23622
6 2 -7.419557 0.0 -60.2933 13.7498 -161.82 387.643 -2573.84 389.405 -2679.97 0.0 389.405 -2679.97 -11.9824 -60.2933 -2362.8406 8.23622 8.23622
6 3 -7.419557 0.0 -60.2933 13.7498 -161.82 387.643 -2573.84 389.405 -2679.97 0.0 389.405 -2679.97 -11.9824 -60.2933 -2362.8406 8.23622 8.23622
6 4 -7.769168 0.0 -68.2548 13.694 -161.037 387.643 -2573.84 388.435 -2671.18 0.0 388.435 -2671.18 -11.7868 -68.2548 -2362.7864 3.11988 3.11988
6 5 -7.769168 0.0 -68.2548 13.694 -161.037 387.643 -2573.84 388.435 -2671.18 0.0 388.435 -2671.18 -11.7868 -68.2548 -2362.7864 3.11988 3.11988
6 6 -7.5382566 0.0 -63.5365 13.7371 -161.294 387.643 -2573.84 388.894 -2675.6 0.0 388.894 -2675.6 -11.8945 -63.5365 -2362.137 6.08316 6.08316
6 7 -7.5382566 0.0 -63.5365 13.7371 -161.294 387.643 -2573.84 388.894 -2675.6 0.0 388.894 -2675.6 -11.8945 -63.5365 -2362.137 6.08316 6.08316
7 0 -8.346439 0.0 -85.1912 13.9967 -163.909 387.643 -2573.84 386.082 -2653.2 0.0 386.082 -2653.2 -6.99078 -85.1912 -2359.2998 -9.6815 -9.6815
7 1 -8.346439 0.0 -85.1912 13.9967 -163.909 387.643 -2573.84 386.082 -2653.2 0.0 386.082 -2653.2 -6.99078 -85.1912 -2359.2998 -9.6815 -9.6815
7 2 -8.38805 0.0 -86.5068 13.978 -164.182 387.643 -2573.84 386.109 -2652.19 0.0 386.109 -2652.19 -6.54307 -86.5068 -2359.1309 -9.81968 -9.81968
7 3 -8.280508 0.0 -85.9835 13.966 -163.988 387.643 -2573.84 386.118 -2651.08 0.0 386.118 -2651.08 -7.72284 -85.9835 -2358.6685 -10.4604 -10.4604
7 4 -8.280508 0.0 -85.9835 13.966 -163.988 387.643 -2573.84 386.118 -2651.08 0.0 386.118 -2651.08 -7.72284 -85.9835 -2358.6685 -10.4604 -10.4604
7 5 -8.280508 0.0 -85.9835 13.966 -163.988 387.643 -2573.84 386.118 -2651.08 0.0 386.118 -2651.08 -7.72284 -85.9835 -2358.6685 -10.4604 -10.4604
7 6 -8.280508 0.0 -85.9835 13.966 -163.988 387.643 -2573.84 386.118 -2651.08 0.0 386.118 -2651.08 -7.72284 -85.9835 -2358.6685 -10.4604 -10.4604
7 7 -8.280508 0.0 -85.9835 13.966 -163.988 387.643 -2573.84 386.118 -2651.08 0.0 386.118 -2651.08 -7.72284 -85.9835 -2358.6685 -10.4604 -10.4604
8 0 -10.025672 0.0 -121.243 13.3335 -156.234 387.643 -2573.84 386.107 -2618.3 0.0 386.107 -2618.3 -4.07363 -121.243 -2357.5098 -2.77756 -2.77756
8 1 -10.025672 0.0 -121.243 13.3335 -156.234 387.643 -2573.84 386.107 -2618.3 0.0 386.107 -2618.3 -4.07363 -121.243 -2357.5098 -2.77756 -2.77756
8 2 -10.025672 0.0 -121.243 13.3335 -156.234 387.643 -2573.84 386.107 -2618.3 0.0 386.107 -2618.3 -4.07363 -121.243 -2357.5098 -2.77756 -2.77756
8 3 -10.0204525 0.0 -121.419 13.3269 -155.848 387.643 -2573.84 385.986 -2617.38 0.0 385.986 -2617.38 -3.83456 -121.419 -2356.6475 -2.80611 -2.80611
8 4 -10.0204525 0.0 -121.419 13.3269 -155.848 387.643 -2573.84 385.986 -2617.38 0.0 385.986 -2617.38 -3.83456 -121.419 -2356.6475 -2.80611 -2.80611
8 5 -10.0204525 0.0 -121.419 13.3269 -155.848 387.643 -2573.84 385.986 -2617.38 0.0 385.986 -2617.38 -3.83456 -121.419 -2356.6475 -2.80611 -2.80611
8 6 -10.0204525 0.0 -121.419 13.3269 -155.848 387.643 -2573.84 385.986 -2617.38 0.0 385.986 -2617.38 -3.83456 -121.419 -2356.6475 -2.80611 -2.80611
8 7 -10.051181 0.0 -121.944 13.3165 -155.936 387.643 -2573.84 385.899 -2617.04 0.0 385.899 -2617.04 -3.5443 -121.944 -2356.6294 -2.98273 -2.98273
9 0 -8.335169 0.0 -92.5718 13.4186 -162.664 387.643 -2573.84 388.433 -2644.89 0.0 388.433 -2644.89 -8.24492 -92.5718 -2357.2734 -2.03626 -2.03626
9 1 -8.335169 0.0 -92.5718 13.4186 -162.664 387.643 -2573.84 388.433 -2644.89 0.0 388.433 -2644.89 -8.24492 -92.5718 -2357.2734 -2.03626 -2.03626
9 2 -8.252684 0.0 -92.7702 13.4518 -163.672 387.643 -2573.84 388.464 -2644.24 0.0 388.464 -2644.24 -7.80276 -92.7702 -2356.349 -1.3607 -1.3607
9 3 -8.252684 0.0 -92.7702 13.4518 -163.672 387.643 -2573.84 388.464 -2644.24 0.0 388.464 -2644.24 -7.80276 -92.7702 -2356.349 -1.3607 -1.3607
9 4 -8.192236 0.0 -92.0755 13.4648 -163.933 387.643 -2573.84 388.55 -2644.7 0.0 388.55 -2644.7 -7.54304 -92.0755 -2355.7686 -1.13304 -1.13304
9 5 -8.192236 0.0 -92.0755 13.4648 -163.933 387.643 -2573.84 388.55 -2644.7 0.0 388.55 -2644.7 -7.54304 -92.0755 -2355.7686 -1.13304 -1.13304
9 6 -8.192236 0.0 -92.0755 13.4648 -163.933 387.643 -2573.84 388.55 -2644.7 0.0 388.55 -2644.7 -7.54304 -92.0755 -2355.7686 -1.13304 -1.13304
9 7 -8.192236 0.0 -92.0755 13.4648 -163.933 387.643 -2573.84 388.55 -2644.7 0.0 388.55 -2644.7 -7.54304 -92.0755 -2355.7686 -1.13304 -1.13304
10 0 -9.9927635 0.0 -121.024 13.3613 -155.447 387.643 -2573.84 388.112 -2620.37 0.0 388.112 -2620.37 -3.6925 -121.024 -2356.9746 -3.54032 -3.54032
10 1 -9.9927635 0.0 -121.024 13.3613 -155.447 387.643 -2573.84 388.112 -2620.37 0.0 388.112 -2620.37 -3.6925 -121.024 -2356.9746 -3.54032 -3.54032
10 2 -9.9927635 0.0 -121.024 13.3613 -155.447 387.643 -2573.84 388.112 -2620.37 0.0 388.112 -2620.37 -3.6925 -121.024 -2356.9746 -3.54032 -3.54032
10 3 -9.983992 0.0 -120.809 13.3577 -155.343 387.643 -2573.84 388.118 -2620.47 0.0 388.118 -2620.47 -3.67016 -120.809 -2356.8313 -3.42669 -3.42669
10 4 -9.983992 0.0 -120.809 13.3577 -155.343 387.643 -2573.84 388.118 -2620.47 0.0 388.118 -2620.47 -3.67016 -120.809 -2356.8313 -3.42669 -3.42669
10 5 -9.983992 0.0 -120.809 13.3577 -155.343 387.643 -2573.84 388.118 -2620.47 0.0 388.118 -2620.47 -3.67016 -120.809 -2356.8313 -3.42669 -3.42669
10 6 -9.983992 0.0 -120.809 13.3577 -155.343 387.643 -2573.84 388.118 -2620.47 0.0 388.118 -2620.47 -3.67016 -120.809 -2356.8313 -3.42669 -3.42669
10 7 -10.053677 0.0 -124.23 13.4943 -165.186 387.643 -2573.84 388.317 -2626.26 0.0 388.317 -2626.26 8.71065 -124.23 -2353.4624 -1.40641 -1.40641
11 0 -6.246369 0.0 -17.956 14.0601 -162.249 387.643 -2573.84 389.494 -2726.33 0.0 389.494 -2726.33 -1.87729 -17.956 -2356.6694 10.5629 10.5629
11 1 -6.006893 0.0 -12.7618 14.0488 -163.707 387.643 -2573.84 389.396 -2731.77 0.0 389.396 -2731.77 -1.1588 -12.7618 -2356.2947 13.9154 13.9154
11 2 -6.006893 0.0 -12.7618 14.0488 -163.707 387.643 -2573.84 389.396 -2731.77 0.0 389.396 -2731.77 -1.1588 -12.7618 -2356.2947 13.9154 13.9154
11 3 -6.006893 0.0 -12.7618 14.0488 -163.707 387.643 -2573.84 389.396 -2731.77 0.0 389.396 -2731.77 -1.1588 -12.7618 -2356.2947 13.9154 13.9154
11 4 -6.006893 0.0 -12.7618 14.0488 -163.707 387.643 -2573.84 389.396 -2731.77 0.0 389.396 -2731.77 -1.1588 -12.7618 -2356.2947 13.9154 13.9154
11 5 -6.006893 0.0 -12.7618 14.0488 -163.707 387.643 -2573.84 389.396 -2731.77 0.0 389.396 -2731.77 -1.1588 -12.7618 -2356.2947 13.9154 13.9154
11 6 -6.0725265 0.0 -14.8978 14.0256 -162.808 387.643 -2573.84 389.307 -2728.54 0.0 389.307 -2728.54 -1.45511 -14.8978 -2355.586 12.1681 12.1681
11 7 -6.0725265 0.0 -14.8978 14.0256 -162.808 387.643 -2573.84 389.307 -2728.54 0.0 389.307 -2728.54 -1.45511 -14.8978 -2355.586 12.1681 12.1681
12 0 -7.0205398 0.0 -53.4195 13.8123 -160.127 387.643 -2573.84 389.272 -2682.08 0.0 389.272 -2682.08 -8.37444 -53.4195 -2354.602 7.84602 7.84602
12 1 -6.9385986 0.0 -53.136 13.7942 -157.25 387.643 -2573.84 389.136 -2678.12 0.0 389.136 -2678.12 -9.97327 -53.136 -2352.0935 7.23495 7.23495
12 2 -6.9385986 0.0 -53.136 13.7942 -157.25 387.643 -2573.84 389.136 -2678.12 0.0 389.136 -2678.12 -9.97327 -53.136 -2352.0935 7.23495 7.23495
12 3 -7.0624843 0.0 -56.556 13.7901 -156.678 387.643 -2573.84 389.238 -2674.45 0.0 389.238 -2674.45 -9.22431 -56.556 -2350.9922 8.26952 8.26952
12 4 -7.0624843 0.0 -56.556 13.7901 -156.678 387.643 -2573.84 389.238 -2674.45 0.0 389.238 -2674.45 -9.22431 -56.556 -2350.9922 8.26952 8.26952
12 5 -7.0624843 0.0 -56.556 13.7901 -156.678 387.643 -2573.84 389.238 -2674.45 0.0 389.238 -2674.45 -9.22431 -56.556 -2350.9922 8.26952 8.26952
12 6 -7.0624843 0.0 -56.556 13.7901 -156.678 387.643 -2573.84 389.238 -2674.45 0.0 389.238 -2674.45 -9.22431 -56.556 -2350.9922 8.26952 8.26952
12 7 -7.0624843 0.0 -56.556 13.7901 -156.678 387.643 -2573.84 389.238 -2674.45 0.0 389.238 -2674.45 -9.22431 -56.556 -2350.9922 8.26952 8.26952
13 0 -6.854988 0.0 -52.5556 13.615 -161.336 387.643 -2573.84 390.175 -2683.62 0.0 390.175 -2683.62 -8.34597 -52.5556 -2354.3467 4.6163 4.6163
13 1 -6.854988 0.0 -52.5556 13.615 -161.336 387.643 -2573.84 390.175 -2683.62 0.0 390.175 -2683.62 -8.34597 -52.5556 -2354.3467 4.6163 4.6163
13 2 -6.854988 0.0 -52.5556 13.615 -161.336 387.643 -2573.84 390.175 -2683.62 0.0 390.175 -2683.62 -8.34597 -52.5556 -2354.3467 4.6163 4.6163
13 3 -6.854988 0.0 -52.5556 13.615 -161.336 387.643 -2573.84 390.175 -2683.62 0.0 390.175 -2683.62 -8.34597 -52.5556 -2354.3467 4.6163 4.6163
13 4 -6.631892 0.0 -49.339 13.6477 -161.558 387.643 -2573.84 390.629 -2685.82 0.0 390.629 -2685.82 -9.42025 -49.339 -2353.9504 6.8014 6.8014
13 5 -6.781776 0.0 -51.4072 13.6231 -161.908 387.643 -2573.84 390.26 -2684.89 0.0 390.26 -2684.89 -7.91056 -51.4072 -2353.9478 5.17848 5.17848
13 6 -6.781776 0.0 -51.4072 13.6231 -161.908 387.643 -2573.84 390.26 -2684.89 0.0 390.26 -2684.89 -7.91056 -51.4072 -2353.9478 5.17848 5.17848
13 7 -6.781776 0.0 -51.4072 13.6231 -161.908 387.643 -2573.84 390.26 -2684.89 0.0 390.26 -2684.89 -7.91056 -51.4072 -2353.9478 5.17848 5.17848
14 0 -7.0612435 0.0 -59.067 13.8548 -156.291 387.643 -2573.84 390.24 -2671.61 0.0 390.24 -2671.61 -13.2927 -59.067 -2353.7297 5.18741 5.18741
14 1 -7.0612435 0.0 -59.067 13.8548 -156.291 387.643 -2573.84 390.24 -2671.61 0.0 390.24 -2671.61 -13.2927 -59.067 -2353.7297 5.18741 5.18741
14 2 -7.0612435 0.0 -59.067 13.8548 -156.291 387.643 -2573.84 390.24 -2671.61 0.0 390.24 -2671.61 -13.2927 -59.067 -2353.7297 5.18741 5.18741
14 3 -7.0612435 0.0 -59.067 13.8548 -156.291 387.643 -2573.84 390.24 -2671.61 0.0 390.24 -2671.61 -13.2927 -59.067 -2353.7297 5.18741 5.18741
14 4 -6.992294 0.0 -58.5879 13.8629 -156.144 387.643 -2573.84 390.263 -2671.1 0.0 390.263 -2671.1 -13.5671 -58.5879 -2352.9922 5.30057 5.30057
14 5 -6.992294 0.0 -58.5879 13.8629 -156.144 387.643 -2573.84 390.263 -2671.1 0.0 390.263 -2671.1 -13.5671 -58.5879 -2352.9922 5.30057 5.30057
14 6 -6.989658 0.0 -58.9652 13.8518 -156.301 387.643 -2573.84 390.329 -2670.75 0.0 390.329 -2670.75 -13.5919 -58.9652 -2352.978 5.48416 5.48416
14 7 -6.989658 0.0 -58.9652 13.8518 -156.301 387.643 -2573.84 390.329 -2670.75 0.0 390.329 -2670.75 -13.5919 -58.9652 -2352.978 5.48416 5.48416
15 0 -6.526971 0.0 -50.1087 13.6993 -152.369 387.643 -2573.84 387.959 -2669.52 0.0 387.959 -2669.52 -21.2559 -50.1087 -2352.9255 2.68557 2.68557
15 1 -6.6016355 0.0 -50.4574 13.8857 -158.336 387.643 -2573.84 387.959 -2675.88 0.0 387.959 -2675.88 -14.3569 -50.4574 -2352.735 3.18428 3.18428
15 2 -6.6016355 0.0 -50.4574 13.8857 -158.336 387.643 -2573.84 387.959 -2675.88 0.0 387.959 -2675.88 -14.3569 -50.4574 -2352.735 3.18428 3.18428
15 3 -6.3787856 0.0 -46.432 13.4969 -148.853 387.643 -2573.84 388.005 -2669.65 0.0 388.005 -2669.65 -20.231 -46.432 -2348.308 10.7846 10.7846
15 4 -6.3787856 0.0 -46.432 13.4969 -148.853 387.643 -2573.84 388.005 -2669.65 0.0 388.005 -2669.65 -20.231 -46.432 -2348.308 10.7846 10.7846
15 5 -6.3787856 0.0 -46.432 13.4969 -148.853 387.643 -2573.84 388.005 -2669.65 0.0 388.005 -2669.65 -20.231 -46.432 -2348.308 10.7846 10.7846
15 6 -6.3787856 0.0 -46.432 13.4969 -148.853 387.643 -2573.84 388.005 -2669.65 0.0 388.005 -2669.65 -20.231 -46.432 -2348.308 10.7846 10.7846
15 7 -6.3787856 0.0 -46.432 13.4969 -148.853 387.643 -2573.84 388.005 -2669.65 0.0 388.005 -2669.65 -20.231 -46.432 -2348.308 10.7846 10.7846
16 0 -9.344808 0.0 -123.805 13.3922 -160.278 387.643 -2573.84 385.662 -2606.48 0.0 385.662 -2606.48 -8.29004 -123.805 -2352.913 -14.5992 -14.5992
16 1 -9.344808 0.0 -123.805 13.3922 -160.278 387.643 -2573.84 385.662 -2606.48 0.0 385.662 -2606.48 -8.29004 -123.805 -2352.913 -14.5992 -14.5992
16 2 -9.344808 0.0 -123.805 13.3922 -160.278 387.643 -2573.84 385.662 -2606.48 0.0 385.662 -2606.48 -8.29004 -123.805 -2352.913 -14.5992 -14.5992
16 3 -10.254499 0.0 -128.621 13.5342 -159.792 387.643 -2573.84 385.368 -2612.74 0.0 385.368 -2612.74 4.32525 -128.621 -2351.6677 -1.53463 -1.53463
16 4 -10.254499 0.0 -128.621 13.5342 -159.792 387.643 -2573.84 385.368 -2612.74 0.0 385.368 -2612.74 4.32525 -128.621 -2351.6677 -1.53463 -1.53463
16 5 -9.438319 0.0 -132.68 13.4126 -162.127 387.643 -2573.84 385.554 -2595.94 0.0 385.554 -2595.94 -5.73795 -132.68 -2348.804 -16.9329 -16.9329
16 6 -9.414896 0.0 -131.313 13.3492 -160.656 387.643 -2573.84 385.407 -2596.07 0.0 385.407 -2596.07 -4.98243 -131.313 -2346.9585 -15.3137 -15.3137
16 7 -9.414896 0.0 -131.313 13.3492 -160.656 387.643 -2573.84 385.407 -2596.07 0.0 385.407 -2596.07 -4.98243 -131.313 -2346.9585 -15.3137 -15.3137
16 8 -9.414896 0.0 -131.313 13.3492 -160.656 387.643 -2573.84 385.407 -2596.07 0.0 385.407 -2596.07 -4.98243 -131.313 -2346.9585 -15.3137 -15.3137
16 9 -9.414896 0.0 -131.313 13.3492 -160.656 387.643 -2573.84 385.407 -2596.07 0.0 385.407 -2596.07 -4.98243 -131.313 -2346.9585 -15.3137 -15.3137
16 10 -8.535046 0.0 -98.1954 13.7897 -164.398 387.643 -2573.84 385.636 -2636.3 0.0 385.636 -2636.3 3.32112 -98.1954 -2345.5383 3.18246 3.18246
16 11 -8.535046 0.0 -98.1954 13.7897 -164.398 387.643 -2573.84 385.636 -2636.3 0.0 385.636 -2636.3 3.32112 -98.1954 -2345.5383 3.18246 3.18246
16 12 -8.550102 0.0 -100.647 13.7662 -165.48 387.643 -2573.84 385.484 -2633.64 0.0 385.484 -2633.64 6.63813 -100.647 -2342.1646 4.53031 4.53031
16 13 -8.550102 0.0 -100.647 13.7662 -165.48 387.643 -2573.84 385.484 -2633.64 0.0 385.484 -2633.64 6.63813 -100.647 -2342.1646 4.53031 4.53031
16 14 -8.550102 0.0 -100.647 13.7662 -165.48 387.643 -2573.84 385.484 -2633.64 0.0 385.484 -2633.64 6.63813 -100.647 -2342.1646 4.53031 4.53031
16 15 -8.550102 0.0 -100.647 13.7662 -165.48 387.643 -2573.84 385.484 -2633.64 0.0 385.484 -2633.64 6.63813 -100.647 -2342.1646 4.53031 4.53031
17 0 -7.361455 0.0 -65.0764 13.5623 -157.257 387.643 -2573.84 387.481 -2664.38 0.0 387.481 -2664.38 -9.95493 -65.0764 -2351.9302 0.299341 0.299341
17 1 -7.361455 0.0 -65.0764 13.5623 -157.257 387.643 -2573.84 387.481 -2664.38 0.0 387.481 -2664.38 -9.95493 -65.0764 -2351.9302 0.299341 0.299341
17 2 -7.361455 0.0 -65.0764 13.5623 -157.257 387.643 -2573.84 387.481 -2664.38 0.0 387.481 -2664.38 -9.95493 -65.0764 -2351.9302 0.299341 0.299341
17 3 -7.361455 0.0 -65.0764 13.5623 -157.257 387.643 -2573.84 387.481 -2664.38 0.0 387.481 -2664.38 -9.95493 -65.0764 -2351.9302 0.299341 0.299341
17 4 -7.44605 0.0 -67.5179 13.5502 -160.224 387.643 -2573.84 387.459 -2664.94 0.0 387.459 -2664.94 -5.19617 -67.5179 -2350.195 1.15012 1.15012
17 5 -7.5255523 0.0 -69.7366 13.5595 -160.75 387.643 -2573.84 387.426 -2663.27 0.0 387.426 -2663.27 -4.03074 -69.7366 -2349.6113 1.12606 1.12606
17 6 -7.5255523 0.0 -69.7366 13.5595 -160.75 387.643 -2573.84 387.426 -2663.27 0.0 387.426 -2663.27 -4.03074 -69.7366 -2349.6113 1.12606 1.12606
17 7 -7.5255523 0.0 -69.7366 13.5595 -160.75 387.643 -2573.84 387.426 -2663.27 0.0 387.426 -2663.27 -4.03074 -69.7366 -2349.6113 1.12606 1.12606
18 0 -6.2174325 0.0 -31.7131 13.9216 -144.708 387.643 -2573.84 389.827 -2687.78 0.0 389.827 -2687.78 -20.6777 -31.7131 -2350.344 17.2124 17.2124
18 1 -6.2174325 0.0 -31.7131 13.9216 -144.708 387.643 -2573.84 389.827 -2687.78 0.0 389.827 -2687.78 -20.6777 -31.7131 -2350.344 17.2124 17.2124
18 2 -6.2174325 0.0 -31.7131 13.9216 -144.708 387.643 -2573.84 389.827 -2687.78 0.0 389.827 -2687.78 -20.6777 -31.7131 -2350.344 17.2124 17.2124
18 3 -6.2185493 0.0 -31.1932 13.9162 -144.189 387.643 -2573.84 390.072 -2688.47 0.0 390.072 -2688.47 -20.6701 -31.1932 -2350.2612 18.2676 18.2676
18 4 -6.2185493 0.0 -31.1932 13.9162 -144.189 387.643 -2573.84 390.072 -2688.47 0.0 390.072 -2688.47 -20.6701 -31.1932 -2350.2612 18.2676 18.2676
18 5 -6.2185493 0.0 -31.1932 13.9162 -144.189 387.643 -2573.84 390.072 -2688.47 0.0 390.072 -2688.47 -20.6701 -31.1932 -2350.2612 18.2676 18.2676
18 6 -6.2504888 0.0 -33.1558 13.9326 -144.492 387.643 -2573.84 389.68 -2685.63 0.0 389.68 -2685.63 -20.0014 -33.1558 -2349.1072 16.702 16.702
18 7 -6.2504888 0.0 -33.1558 13.9326 -144.492 387.643 -2573.84 389.68 -2685.63 0.0 389.68 -2685.63 -20.0014 -33.1558 -2349.1072 16.702 16.702
19 0 -8.9892025 0.0 -93.0478 13.8031 -157.046 387.643 -2573.84 388.298 -2648.42 0.0 388.298 -2648.42 2.86884 -93.0478 -2350.3008 8.83938 8.83938
19 1 -8.9892025 0.0 -93.0478 13.8031 -157.046 387.643 -2573.84 388.298 -2648.42 0.0 388.298 -2648.42 2.86884 -93.0478 -2350.3008 8.83938 8.83938
19 2 -8.9892025 0.0 -93.0478 13.8031 -157.046 387.643 -2573.84 388.298 -2648.42 0.0 388.298 -2648.42 2.86884 -93.0478 -2350.3008 8.83938 8.83938
19 3 -8.9892025 0.0 -93.0478 13.8031 -157.046 387.643 -2573.84 388.298 -2648.42 0.0 388.298 -2648.42 2.86884 -93.0478 -2350.3008 8.83938 8.83938
19 4 -8.987944 0.0 -93.3898 13.7401 -156.838 387.643 -2573.84 388.285 -2647.74 0.0 388.285 -2647.74 2.95138 -93.3898 -2349.8936 9.09284 9.09284
19 5 -8.926182 0.0 -91.9003 13.8618 -157.923 387.643 -2573.84 388.395 -2650.1 0.0 388.395 -2650.1 5.51766 -91.9003 -2348.0876 12.241 12.241
19 6 -8.926182 0.0 -91.9003 13.8618 -157.923 387.643 -2573.84 388.395 -2650.1 0.0 388.395 -2650.1 5.51766 -91.9003 -2348.0876 12.241 12.241
19 7 -8.926182 0.0 -91.9003 13.8618 -157.923 387.643 -2573.84 388.395 -2650.1 0.0 388.395 -2650.1 5.51766 -91.9003 -2348.0876 12.241 12.241
20 0 -4.487488 0.0 9.48805 13.7674 -167.098 387.643 -2573.84 390.404 -2746.72 0.0 390.404 -2746.72 -3.44279 9.48805 -2350.2708 14.7272 14.7272
20 1 -4.487488 0.0 9.48805 13.7674 -167.098 387.643 -2573.84 390.404 -2746.72 0.0 390.404 -2746.72 -3.44279 9.48805 -2350.2708 14.7272 14.7272
20 2 -4.487488 0.0 9.48805 13.7674 -167.098 387.643 -2573.84 390.404 -2746.72 0.0 390.404 -2746.72 -3.44279 9.48805 -2350.2708 14.7272 14.7272
20 3 -3.9111307 0.0 20.7213 13.7163 -170.086 387.643 -2573.84 390.072 -2757.22 0.0 390.072 -2757.22 -0.983964 20.7213 -2347.4106 13.9562 13.9562
20 4 -3.9111307 0.0 20.7213 13.7163 -170.086 387.643 -2573.84 390.072 -2757.22 0.0 390.072 -2757.22 -0.983964 20.7213 -2347.4106 13.9562 13.9562
20 5 -3.4651432 0.0 26.1448 13.6951 -168.245 387.643 -2573.84 389.834 -2756.14 0.0 389.834 -2756.14 -3.67106 26.1448 -2343.8323 13.7028 13.7028
20 6 -3.4651432 0.0 26.1448 13.6951 -168.245 387.643 -2573.84 389.834 -2756.14 0.0 389.834 -2756.14 -3.67106 26.1448 -2343.8323 13.7028 13.7028
20 7 -3.4651432 0.0 26.1448 13.6951 -168.245 387.643 -2573.84 389.834 -2756.14 0.0 389.834 -2756.14 -3.67106 26.1448 -2343.8323 13.7028 13.7028
21 0 -6.2163105 0.0 -40.176 13.7114 -159.146 387.643 -2573.84 386.668 -2684.56 0.0 386.668 -2684.56 -10.2395 -40.176 -2348.3076 -1.44869 -1.44869
21 1 -6.2163105 0.0 -40.176 13.7114 -159.146 387.643 -2573.84 386.668 -2684.56 0.0 386.668 -2684.56 -10.2395 -40.176 -2348.3076 -1.44869 -1.44869
21 2 -6.248345 0.0 -41.9586 13.6755 -160.168 387.643 -2573.84 386.535 -2683.2 0.0 386.535 -2683.2 -9.05667 -41.9586 -2347.6804 -1.5655 -1.5655
21 3 -5.9743705 0.0 -37.9026 13.7284 -160.614 387.643 -2573.84 386.537 -2685.36 0.0 386.537 -2685.36 -8.47751 -37.9026 -2345.2031 -0.752492 -0.752492
21 4 -5.9743705 0.0 -37.9026 13.7284 -160.614 387.643 -2573.84 386.537 -2685.36 0.0 386.537 -2685.36 -8.47751 -37.9026 -2345.2031 -0.752492 -0.752492
21 5 -5.9743705 0.0 -37.9026 13.7284 -160.614 387.643 -2573.84 386.537 -2685.36 0.0 386.537 -2685.36 -8.47751 -37.9026 -2345.2031 -0.752492 -0.752492
21 6 -5.9743705 0.0 -37.9026 13.7284 -160.614 387.643 -2573.84 386.537 -2685.36 0.0 386.537 -2685.36 -8.47751 -37.9026 -2345.2031 -0.752492 -0.752492
21 7 -5.9743705 0.0 -37.9026 13.7284 -160.614 387.643 -2573.84 386.537 -2685.36 0.0 386.537 -2685.36 -8.47751 -37.9026 -2345.2031 -0.752492 -0.752492
22 0 -6.5766244 0.0 -65.3004 13.7122 -157.51 387.643 -2573.84 385.973 -2648.9 0.0 385.973 -2648.9 -18.83 -65.3004 -2347.0574 -7.51855 -7.51855
22 1 -6.621225 0.0 -66.7659 13.6541 -158.7 387.643 -2573.84 385.751 -2648.3 0.0 385.751 -2648.3 -16.0443 -66.7659 -2345.3594 -7.44778 -7.44778
22 2 -6.621225 0.0 -66.7659 13.6541 -158.7 387.643 -2573.84 385.751 -2648.3 0.0 385.751 -2648.3 -16.0443 -66.7659 -2345.3594 -7.44778 -7.44778
22 3 -6.621225 0.0 -66.7659 13.6541 -158.7 387.643 -2573.84 385.751 -2648.3 0.0 385.751 -2648.3 -16.0443 -66.7659 -2345.3594 -7.44778 -7.44778
22 4 -6.621225 0.0 -66.7659 13.6541 -158.7 387.643 -2573.84 385.751 -2648.3 0.0 385.751 -2648.3 -16.0443 -66.7659 -2345.3594 -7.44778 -7.44778
22 5 -6.621225 0.0 -66.7659 13.6541 -158.7 387.643 -2573.84 385.751 -2648.3 0.0 385.751 -2648.3 -16.0443 -66.7659 -2345.3594 -7.44778 -7.44778
22 6 -6.322146 0.0 -60.2522 13.7025 -160.29 387.643 -2573.84 385.85 -2655.15 0.0 385.85 -2655.15 -14.2481 -60.2522 -2343.8 -5.01556 -5.01556
22 7 -6.322146 0.0 -60.2522 13.7025 -160.29 387.643 -2573.84 385.85 -2655.15 0.0 385.85 -2655.15 -14.2481 -60.2522 -2343.8 -5.01556 -5.01556
23 0 -8.703184 0.0 -95.3136 13.9323 -156.463 387.643 -2573.84 386.751 -2637.07 0.0 386.751 -2637.07 -0.879827 -95.3136 -2346.5125 4.63752 4.63752
23 1 -8.703184 0.0 -95.3136 13.9323 -156.463 387.643 -2573.84 386.751 -2637.07 0.0 386.751 -2637.07 -0.879827 -95.3136 -2346.5125 4.63752 4.63752
23 2 -8.703184 0.0 -95.3136 13.9323 -156.463 387.643 -2573.84 386.751 -2637.07 0.0 386.751 -2637.07 -0.879827 -95.3136 -2346.5125 4.63752 4.63752
23 3 -8.798908 0.0 -98.1409 13.97 -153.993 387.643 -2573.84 386.715 -2631.68 0.0 386.715 -2631.68 -2.39786 -98.1409 -2345.5037 4.59846 4.59846
23 4 -8.792664 0.0 -97.9989 13.9628 -154.123 387.643 -2573.84 386.69 -2631.9 0.0 386.69 -2631.9 -2.09175 -97.9989 -2345.3005 4.61434 4.61434
23 5 -8.792664 0.0 -97.9989 13.9628 -154.123 387.643 -2573.84 386.69 -2631.9 0.0 386.69 -2631.9 -2.09175 -97.9989 -2345.3005 4.61434 4.61434
23 6 -8.792664 0.0 -97.9989 13.9628 -154.123 387.643 -2573.84 386.69 -2631.9 0.0 386.69 -2631.9 -2.09175 -97.9989 -2345.3005 4.61434 4.61434
23 7 -8.792664 0.0 -97.9989 13.9628 -154.123 387.643 -2573.84 386.69 -2631.9 0.0 386.69 -2631.9 -2.09175 -97.9989 -2345.3005 4.61434 4.61434
24 0 -7.939915 0.0 -90.2383 13.8541 -170.276 387.643 -2573.84 384.896 -2643.51 0.0 384.896 -2643.51 4.1895 -90.2383 -2344.6628 -7.08403 -7.08403
24 1 -7.939915 0.0 -90.2383 13.8541 -170.276 387.643 -2573.84 384.896 -2643.51 0.0 384.896 -2643.51 4.1895 -90.2383 -2344.6628 -7.08403 -7.08403
24 2 -7.939915 0.0 -90.2383 13.8541 -170.276 387.643 -2573.84 384.896 -2643.51 0.0 384.896 -2643.51 4.1895 -90.2383 -2344.6628 -7.08403 -7.08403
24 3 -7.939915 0.0 -90.2383 13.8541 -170.276 387.643 -2573.84 384.896 -2643.51 0.0 384.896 -2643.51 4.1895 -90.2383 -2344.6628 -7.08403 -7.08403
24 4 -7.5296645 0.0 -84.7985 13.9386 -170.722 387.643 -2573.84 384.941 -2645.6 0.0 384.941 -2645.6 3.23246 -84.7985 -2342.225 -6.40816 -6.40816
24 5 -7.5296645 0.0 -84.7985 13.9386 -170.722 387.643 -2573.84 384.941 -2645.6 0.0 384.941 -2645.6 3.23246 -84.7985 -2342.225 -6.40816 -6.40816
24 6 -7.5296645 0.0 -84.7985 13.9386 -170.722 387.643 -2573.84 384.941 -2645.6 0.0 384.941 -2645.6 3.23246 -84.7985 -2342.225 -6.40816 -6.40816
24 7 -7.4951267 0.0 -83.9672 14.0022 -170.949 387.643 -2573.84 385.032 -2646.59 0.0 385.032 -2646.59 3.59836 -83.9672 -2341.927 -5.9047 -5.9047
25 0 -6.401771 0.0 -51.0266 13.7962 -150.59 387.643 -2573.84 388.621 -2665.15 0.0 388.621 -2665.15 -16.3334 -51.0266 -2343.889 5.27968 5.27968
25 1 -6.401771 0.0 -51.0266 13.7962 -150.59 387.643 -2573.84 388.621 -2665.15 0.0 388.621 -2665.15 -16.3334 -51.0266 -2343.889 5.27968 5.27968
25 2 -6.370845 0.0 -51.6453 13.7587 -150.138 387.643 -2573.84 388.476 -2663.07 0.0 388.476 -2663.07 -16.2097 -51.6453 -2342.449 6.21952 6.21952
25 3 -6.370845 0.0 -51.6453 13.7587 -150.138 387.643 -2573.84 388.476 -2663.07 0.0 388.476 -2663.07 -16.2097 -51.6453 -2342.449 6.21952 6.21952
25 4 -6.5011477 0.0 -53.2602 13.7086 -151.086 387.643 -2573.84 388.49 -2663.75 0.0 388.49 -2663.75 -13.8814 -53.2602 -2342.4016 6.87431 6.87431
25 5 -6.5011477 0.0 -53.2602 13.7086 -151.086 387.643 -2573.84 388.49 -2663.75 0.0 388.49 -2663.75 -13.8814 -53.2602 -2342.4016 6.87431 6.87431
25 6 -6.5011477 0.0 -53.2602 13.7086 -151.086 387.643 -2573.84 388.49 -2663.75 0.0 388.49 -2663.75 -13.8814 -53.2602 -2342.4016 6.87431 6.87431
25 7 -6.5011477 0.0 -53.2602 13.7086 -151.086 387.643 -2573.84 388.49 -2663.75 0.0 388.49 -2663.75 -13.8814 -53.2602 -2342.4016 6.87431 6.87431
26 0 -7.871383 0.0 -70.3834 13.5572 -147.945 387.643 -2573.84 389.173 -2657.82 0.0 389.173 -2657.82 -4.19785 -70.3834 -2343.2283 10.6999 10.6999
26 1 -7.871383 0.0 -70.3834 13.5572 -147.945 387.643 -2573.84 389.173 -2657.82 0.0 389.173 -2657.82 -4.19785 -70.3834 -2343.2283 10.6999 10.6999
26 2 -7.871383 0.0 -70.3834 13.5572 -147.945 387.643 -2573.84 389.173 -2657.82 0.0 389.173 -2657.82 -4.19785 -70.3834 -2343.2283 10.6999 10.6999
26 3 -7.9105573 0.0 -71.3661 13.5553 -147.686 387.643 -2573.84 389.118 -2656.6 0.0 389.118 -2656.6 -4.31692 -71.3661 -2343.1653 10.6591 10.6591
26 4 -7.831486 0.0 -70.9901 13.5911 -147.192 387.643 -2573.84 389.325 -2655.66 0.0 389.325 -2655.66 -4.75987 -70.9901 -2342.085 11.4007 11.4007
26 5 -7.831486 0.0 -70.9901 13.5911 -147.192 387.643 -2573.84 389.325 -2655.66 0.0 389.325 -2655.66 -4.75987 -70.9901 -2342.085 11.4007 11.4007
26 6 -7.831486 0.0 -70.9901 13.5911 -147.192 387.643 -2573.84 389.325 -2655.66 0.0 389.325 -2655.66 -4.75987 -70.9901 -2342.085 11.4007 11.4007
26 7 -7.831486 0.0 -70.9901 13.5911 -147.192 387.643 -2573.84 389.325 -2655.66 0.0 389.325 -2655.66 -4.75987 -70.9901 -2342.085 11.4007 11.4007
27 0 -10.565822 0.0 -139.459 14.2539 -169.663 387.643 -2573.84 386.906 -2612.21 0.0 386.906 -2612.21 21.5638 -139.459 -2343.1992 11.7332 11.7332
27 1 -10.565822 0.0 -139.459 14.2539 -169.663 387.643 -2573.84 386.906 -2612.21 0.0 386.906 -2612.21 21.5638 -139.459 -2343.1992 11.7332 11.7332
27 2 -10.465798 0.0 -139.918 14.2454 -171.384 387.643 -2573.84 386.977 -2611.71 0.0 386.977 -2611.71 23.4568 -139.918 -2341.194 12.6233 12.6233
27 3 -10.43051 0.0 -138.898 14.2433 -170.432 387.643 -2573.84 386.795 -2611.48 0.0 386.795 -2611.48 22.48 -138.898 -2341.103 12.4085 12.4085
27 4 -10.43051 0.0 -138.898 14.2433 -170.432 387.643 -2573.84 386.795 -2611.48 0.0 386.795 -2611.48 22.48 -138.898 -2341.103 12.4085 12.4085
27 5 -10.43051 0.0 -138.898 14.2433 -170.432 387.643 -2573.84 386.795 -2611.48 0.0 386.795 -2611.48 22.48 -138.898 -2341.103 12.4085 12.4085
27 6 -10.43051 0.0 -138.898 14.2433 -170.432 387.643 -2573.84 386.795 -2611.48 0.0 386.795 -2611.48 22.48 -138.898 -2341.103 12.4085 12.4085
27 7 -10.43051 0.0 -138.898 14.2433 -170.432 387.643 -2573.84 386.795 -2611.48 0.0 386.795 -2611.48 22.48 -138.898 -2341.103 12.4085 12.4085
28 0 -8.008306 0.0 -90.6858 13.4866 -153.467 387.643 -2573.84 388.354 -2633.04 0.0 388.354 -2633.04 -6.6874 -90.6858 -2342.0593 8.63019 8.63019
28 1 -8.008306 0.0 -90.6858 13.4866 -153.467 387.643 -2573.84 388.354 -2633.04 0.0 388.354 -2633.04 -6.6874 -90.6858 -2342.0593 8.63019 8.63019
28 2 -7.720694 0.0 -83.6491 13.6878 -156.681 387.643 -2573.84 388.289 -2642.02 0.0 388.289 -2642.02 -2.933 -83.6491 -2340.313 12.1472 12.1472
28 3 -7.720694 0.0 -83.6491 13.6878 -156.681 387.643 -2573.84 388.289 -2642.02 0.0 388.289 -2642.02 -2.933 -83.6491 -2340.313 12.1472 12.1472
28 4 -7.5256896 0.0 -81.5468 13.7699 -157.661 387.643 -2573.84 388.149 -2642.72 0.0 388.149 -2642.72 0.20672 -81.5468 -2335.9111 14.2304 14.2304
28 5 -7.5256896 0.0 -81.5468 13.7699 -157.661 387.643 -2573.84 388.149 -2642.72 0.0 388.149 -2642.72 0.20672 -81.5468 -2335.9111 14.2304 14.2304
28 6 -7.5256896 0.0 -81.5468 13.7699 -157.661 387.643 -2573.84 388.149 -2642.72 0.0 388.149 -2642.72 0.20672 -81.5468 -2335.9111 14.2304 14.2304
28 7 -7.5256896 0.0 -81.5468 13.7699 -157.661 387.643 -2573.84 388.149 -2642.72 0.0 388.149 -2642.72 0.20672 -81.5468 -2335.9111 14.2304 14.2304
29 0 -3.9035711 0.0 15.0517 13.5603 -150.472 387.643 -2573.84 388.843 -2727.06 0.0 388.843 -2727.06 -16.1826 15.0517 -2339.348 5.12664 5.12664
29 1 -3.9035711 0.0 15.0517 13.5603 -150.472 387.643 -2573.84 388.843 -2727.06 0.0 388.843 -2727.06 -16.1826 15.0517 -2339.348 5.12664 5.12664
29 2 -3.9319994 0.0 12.373 13.572 -149.504 387.643 -2573.84 388.605 -2722.03 0.0 388.605 -2722.03 -14.4951 12.373 -2335.547 4.52316 4.52316
29 3 -3.9319994 0.0 12.373 13.572 -149.504 387.643 -2573.84 388.605 -2722.03 0.0 388.605 -2722.03 -14.4951 12.373 -2335.547 4.52316 4.52316
29 4 -3.9319994 0.0 12.373 13.572 -149.504 387.643 -2573.84 388.605 -2722.03 0.0 388.605 -2722.03 -14.4951 12.373 -2335.547 4.52316 4.52316
29 5 -3.9319994 0.0 12.373 13.572 -149.504 387.643 -2573.84 388.605 -2722.03 0.0 388.605 -2722.03 -14.4951 12.373 -2335.547 4.52316 4.52316
29 6 -3.8949687 0.0 12.6299 13.5645 -149.585 387.643 -2573.84 388.589 -2721.89 0.0 388.589 -2721.89 -14.5184 12.6299 -2335.1895 4.45492 4.45492
29 7 -3.8949687 0.0 12.6299 13.5645 -149.585 387.643 -2573.84 388.589 -2721.89 0.0 388.589 -2721.89 -14.5184 12.6299 -2335.1895 4.45492 4.45492
30 0 -6.6006784 0.0 -65.8322 13.6667 -165.506 387.643 -2573.84 390.458 -2663.47 0.0 390.458 -2663.47 0.875904 -65.8322 -2337.9683 16.8552 16.8552
30 1 -6.6006784 0.0 -65.8322 13.6667 -165.506 387.643 -2573.84 390.458 -2663.47 0.0 390.458 -2663.47 0.875904 -65.8322 -2337.9683 16.8552 16.8552
30 2 -6.6006784 0.0 -65.8322 13.6667 -165.506 387.643 -2573.84 390.458 -2663.47 0.0 390.458 -2663.47 0.875904 -65.8322 -2337.9683 16.8552 16.8552
30 3 -6.4996853 0.0 -63.9336 13.6689 -166.989 387.643 -2573.84 390.546 -2666.37 0.0 390.546 -2666.37 2.33187 -63.9336 -2337.426 17.5698 17.5698
30 4 -6.4996853 0.0 -63.9336 13.6689 -166.989 387.643 -2573.84 390.546 -2666.37 0.0 390.546 -2666.37 2.33187 -63.9336 -2337.426 17.5698 17.5698
30 5 -6.4996853 0.0 -63.9336 13.6689 -166.989 387.643 -2573.84 390.546 -2666.37 0.0 390.546 -2666.37 2.33187 -63.9336 -2337.426 17.5698 17.5698
30 6 -6.4996853 0.0 -63.9336 13.6689 -166.989 387.643 -2573.84 390.546 -2666.37 0.0 390.546 -2666.37 2.33187 -63.9336 -2337.426 17.5698 17.5698
30 7 -6.5729403 0.0 -66.5195 13.6905 -165.034 387.643 -2573.84 390.241 -2661.11 0.0 390.241 -2661.11 0.992013 -66.5195 -2336.3967 16.6175 16.6175
